[header]
width=32
height=18
tilewidth=32
tileheight=32
orientation=orthogonal

[tilesets]
tileset=cs3113/assets/sprite_sheets/platformertiles.png,32,32,0,0

[layer]
type=Tile Layer 1
data=
12,12,12,12,12,12,12,12,12,12,12,12,12,12,12,12,12,12,12,12,12,12,12,12,12,12,12,12,12,12,12,12,
12,12,12,12,12,12,12,12,12,12,12,12,12,12,12,12,12,12,12,12,12,12,12,12,12,12,12,12,12,12,12,12,
12,12,12,12,12,12,12,12,12,12,12,12,12,12,12,12,12,12,12,12,12,12,12,12,12,12,12,12,12,12,12,12,
12,12,12,12,12,12,12,12,12,12,12,12,12,12,12,12,12,12,12,12,12,12,12,12,12,12,12,12,12,12,12,12,
3,12,12,12,12,12,12,12,12,12,12,12,12,12,12,12,12,12,12,12,12,12,12,12,12,12,12,12,12,12,12,12,
11,12,12,12,12,12,12,12,12,12,12,12,12,12,12,12,12,12,12,12,12,12,12,12,12,12,12,12,12,12,12,12,
11,12,12,12,12,12,12,12,12,12,12,12,12,12,12,12,12,12,12,12,12,12,12,12,12,12,12,12,12,12,12,12,
11,12,12,12,12,12,12,12,12,12,12,12,12,12,12,12,12,12,12,12,12,12,12,12,12,12,12,12,12,12,12,1,
11,12,12,12,12,12,12,12,12,12,12,12,12,12,12,12,12,12,12,12,12,12,12,12,12,12,12,12,12,12,12,9,
11,12,12,12,12,12,12,12,12,12,12,12,12,12,12,12,12,12,12,12,12,12,12,12,12,12,12,12,12,12,12,9,
11,12,12,12,12,12,12,12,12,12,12,12,12,12,12,12,12,12,12,12,12,12,12,12,12,12,12,12,12,12,12,9,
11,12,12,12,12,12,12,12,12,12,12,12,12,12,12,12,12,12,12,12,12,12,12,12,12,12,12,12,12,12,12,9,
11,12,12,12,12,12,12,12,12,12,12,12,12,12,12,12,12,12,12,12,12,12,12,12,12,12,12,12,12,12,12,9,
11,12,12,12,12,12,1,2,2,2,3,12,12,12,12,12,12,12,12,12,12,12,12,12,12,12,12,12,12,12,12,9,
11,12,12,12,12,12,9,10,10,10,11,12,12,12,12,12,12,12,12,12,12,12,12,12,12,12,12,12,12,12,12,9,
6,2,2,2,2,2,8,10,10,10,6,2,2,2,2,2,2,2,2,2,2,2,2,2,2,2,2,2,2,2,2,8,
10,10,10,10,10,10,10,10,10,10,10,10,10,10,10,10,10,10,10,10,10,10,10,10,10,10,10,10,10,10,10,10,
10,10,10,10,10,10,10,10,10,10,10,10,10,10,10,10,10,10,10,10,10,10,10,10,10,10,10,10,10,10,10,10

[layer]
type=Tile Layer 2
data=
0,0,0,0,0,0,0,0,0,0,0,0,0,0,0,0,0,0,0,0,0,0,0,0,0,0,0,0,0,0,0,0,
0,0,0,0,0,0,15,15,0,0,0,0,0,0,0,0,0,0,0,0,15,15,0,0,0,0,0,0,0,0,0,0,
0,0,15,0,0,0,0,0,0,0,0,15,15,0,0,0,0,15,15,15,0,0,15,15,0,0,0,0,4,0,0,0,
0,0,15,0,0,0,15,0,0,0,15,0,0,0,0,0,14,15,0,15,15,14,0,15,0,0,0,0,0,0,0,0,
0,0,0,15,15,0,0,15,0,0,0,0,0,0,0,14,0,0,14,0,14,0,0,15,15,0,0,15,0,0,15,15,
0,0,0,15,0,0,0,15,0,0,15,0,0,0,14,0,0,14,14,14,15,15,14,15,15,15,15,15,0,0,0,0,
0,0,0,15,15,15,15,0,15,0,0,15,15,0,0,0,0,0,0,0,14,14,14,15,0,15,0,0,0,0,0,0,
0,0,15,15,0,0,0,0,15,0,0,15,0,0,0,0,0,0,0,0,0,0,0,15,0,0,0,15,0,0,0,0,
0,0,0,15,15,0,15,0,0,0,0,15,0,0,22,22,22,0,0,0,0,0,0,15,14,0,0,15,15,0,0,0,
0,0,0,15,0,15,15,0,0,0,0,15,0,1,2,2,2,3,0,0,0,0,0,15,0,0,0,0,0,0,0,0,
0,0,0,0,0,0,0,0,0,0,0,0,0,17,18,18,18,19,0,0,0,0,14,0,0,0,15,0,0,0,0,0,
0,0,0,0,0,0,0,0,0,0,0,0,0,24,0,0,24,0,0,0,0,0,0,0,0,15,0,0,0,0,0,0,
0,0,0,0,0,0,22,0,22,0,0,0,0,0,0,0,0,0,0,0,0,0,0,0,0,0,0,0,0,0,0,0,
0,0,0,0,0,0,0,0,0,0,0,0,0,0,0,0,0,0,0,0,0,0,0,0,0,0,0,0,0,0,0,0,
0,0,0,22,0,0,0,0,0,0,0,22,22,22,22,22,22,22,22,22,22,22,22,22,22,22,22,22,22,22,22,0,
0,0,0,0,0,0,0,0,0,0,0,0,0,0,0,0,0,0,0,0,0,0,0,0,0,0,0,0,0,0,0,0,
0,0,0,0,0,0,0,0,0,0,0,0,0,0,0,0,0,0,0,0,0,0,0,0,0,0,0,0,0,0,0,0,
0,0,0,0,0,0,0,0,0,0,0,0,0,0,0,0,0,0,0,0,0,0,0,0,0,0,0,0,0,0,0,0

